date,number of issues active in past 90 days,number of issues not active in past 90 days,total number of issues,percentage of issues active in past 90 days
2021-05-18,229,318,547,41.9
2021-05-28,251,277,528,47.5
2021-06-11,260,283,543,47.9
2021-06-16,261,286,547,47.7
2021-06-23,297,266,563,52.8
2021-06-24,297,267,564,52.7
2021-06-25,295,268,563,52.4
2021-06-26,294,268,562,52.3
2021-06-27,292,265,557,52.4
2021-06-28,290,265,555,52.3
2021-06-29,290,267,557,52.1
2021-06-30,289,267,556,52.0
2021-07-01,294,265,559,52.6
2021-07-02,290,264,554,52.3
2021-07-03,287,263,550,52.2
2021-07-04,283,263,546,51.8
2021-07-05,282,250,532,53.0
2021-07-06,281,252,533,52.7
2021-07-07,284,252,536,53.0
2021-07-08,277,253,530,52.3
2021-07-09,282,254,536,52.6
2021-07-10,271,253,524,51.7
2021-07-11,273,254,527,51.8
2021-07-12,272,255,527,51.6
2021-07-13,271,255,526,51.5
2021-07-14,271,256,527,51.4
2021-07-15,277,256,533,52.0
2021-07-16,276,257,533,51.8
2021-07-17,283,249,532,53.2
2021-07-18,286,246,532,53.8
2021-07-19,284,250,534,53.2
2021-07-20,282,254,536,52.6
2021-07-21,281,253,534,52.6
2021-07-22,283,253,536,52.8
2021-07-23,281,253,534,52.6
2021-07-24,279,254,533,52.3
2021-07-25,279,254,533,52.3
2021-07-26,271,264,535,50.7
2021-07-27,272,266,538,50.6
2021-07-28,247,293,540,45.7
2021-07-29,242,296,538,45.0
2021-07-30,241,298,539,44.7
2021-07-31,242,298,540,44.8
2021-08-01,243,298,541,44.9
2021-08-02,249,296,545,45.7
2021-08-03,248,296,544,45.6
2021-08-04,243,292,535,45.4
2021-08-05,245,295,540,45.4
2021-08-06,245,296,541,45.3
2021-08-07,244,295,539,45.3
2021-08-08,244,295,539,45.3
2021-08-09,241,297,538,44.8
2021-08-10,240,297,537,44.7
2021-08-11,228,298,526,43.3
2021-08-12,228,301,529,43.1
2021-08-13,229,301,530,43.2
2021-08-14,238,301,539,44.2
2021-08-15,238,301,539,44.2
2021-08-16,232,305,537,43.2
2021-08-17,231,304,535,43.2
2021-08-19,220,308,528,41.7
2021-08-20,205,324,529,38.8
2021-08-21,210,323,533,39.4
2021-08-22,212,323,535,39.6
2021-08-23,208,323,531,39.2
2021-08-24,206,325,531,38.8
2021-08-25,204,324,528,38.6
2021-08-26,206,324,530,38.9
2021-08-27,205,326,531,38.6
2021-08-28,201,326,527,38.1
2021-08-29,200,328,528,37.9
2021-08-30,198,328,526,37.6
2021-08-31,202,332,534,37.8
2021-09-01,205,332,537,38.2
2021-09-02,200,332,532,37.6
2021-09-03,192,331,523,36.7
2021-09-04,182,330,512,35.5
2021-09-05,181,331,512,35.4
2021-09-06,180,331,511,35.2
2021-09-07,184,330,514,35.8
2021-09-08,182,328,510,35.7
2021-09-09,182,330,512,35.5
2021-09-10,184,331,515,35.7
2021-09-11,185,331,516,35.9
2021-09-12,184,332,516,35.7
2021-09-13,180,332,512,35.2
2021-09-14,184,332,516,35.7
2021-09-15,192,311,503,38.2
2021-09-16,194,309,503,38.6
2021-09-17,193,304,497,38.8
2021-09-18,193,299,492,39.2
2021-09-19,190,298,488,38.9
2021-09-20,188,301,489,38.4
2021-09-21,182,290,472,38.6
2021-09-22,185,282,467,39.6
2021-09-23,189,281,470,40.2
2021-09-24,201,281,482,41.7
2021-09-25,201,280,481,41.8
2021-09-26,205,280,485,42.3
2021-09-27,206,282,488,42.2
2021-09-28,208,282,490,42.4
2021-09-29,203,283,486,41.8
2021-09-30,204,282,486,42.0
2021-10-01,205,281,486,42.2
2021-10-02,207,279,486,42.6
2021-10-03,208,279,487,42.7
2021-10-04,207,278,485,42.7
2021-10-05,199,272,471,42.3
2021-10-06,204,272,476,42.9
2021-10-07,207,270,477,43.4
2021-10-08,206,270,476,43.3
2021-10-09,209,269,478,43.7
2021-10-10,212,269,481,44.1
2021-10-11,205,270,475,43.2
2021-10-12,201,272,473,42.5
2021-10-13,210,270,480,43.8
2021-10-14,207,270,477,43.4
2021-10-15,208,270,478,43.5
2021-10-16,209,272,481,43.5
2021-10-17,213,272,485,43.9
2021-10-18,207,277,484,42.8
2021-10-19,205,277,482,42.5
2021-10-20,204,277,481,42.4
2021-10-21,205,278,483,42.4
2021-10-22,217,278,495,43.8
2021-10-23,221,278,499,44.3
2021-10-24,224,278,502,44.6
2021-10-25,225,277,502,44.8
2021-10-26,222,279,501,44.3
2021-10-27,226,280,506,44.7
2021-10-28,223,281,504,44.2
2021-10-29,219,282,501,43.7
2021-10-30,222,282,504,44.0
2021-10-31,214,292,506,42.3
2021-11-01,211,289,500,42.2
2021-11-02,212,289,501,42.3
2021-11-03,209,289,498,42.0
2021-11-04,216,289,505,42.8
2021-11-05,219,289,508,43.1
2021-11-06,222,289,511,43.4
2021-11-07,222,290,512,43.4
2021-11-08,224,290,514,43.6
2021-11-09,213,292,505,42.2
2021-11-10,215,292,507,42.4
2021-11-11,214,293,507,42.2
2021-11-12,215,294,509,42.2
2021-11-13,219,294,513,42.7
2021-11-14,219,294,513,42.7
2021-11-15,218,295,513,42.5
2021-11-16,216,297,513,42.1
2021-11-17,217,297,514,42.2
2021-11-18,221,297,518,42.7
2021-11-19,222,295,517,42.9
2021-11-20,224,295,519,43.2
2021-11-21,225,295,520,43.3
2021-11-22,227,296,523,43.4
2021-11-23,224,298,522,42.9
2021-11-24,227,300,527,43.1
2021-11-25,225,300,525,42.9
2021-11-26,226,303,529,42.7
2021-11-27,226,304,530,42.6
2021-11-28,225,305,530,42.5
2021-11-29,226,306,532,42.5
2021-11-30,222,308,530,41.9
2021-12-01,226,311,537,42.1
2021-12-02,222,311,533,41.7
2021-12-03,219,311,530,41.3
2021-12-04,224,310,534,41.9
2021-12-05,221,313,534,41.4
2021-12-06,220,315,535,41.1
2021-12-07,216,317,533,40.5
2021-12-08,217,318,535,40.6
2021-12-09,217,318,535,40.6
2021-12-10,222,316,538,41.3
2021-12-11,233,314,547,42.6
2021-12-12,230,314,544,42.3
2021-12-13,229,315,544,42.1
2021-12-14,217,326,543,40.0
2021-12-15,213,326,539,39.5
2021-12-16,207,326,533,38.8
2021-12-17,203,331,534,38.0
2021-12-18,204,330,534,38.2
2021-12-19,203,330,533,38.1
2021-12-20,204,329,533,38.3
2021-12-21,201,336,537,37.4
2021-12-22,198,339,537,36.9
2021-12-23,197,341,538,36.6
2021-12-24,197,344,541,36.4
2021-12-25,197,344,541,36.4
2021-12-26,197,344,541,36.4
2021-12-28,194,346,540,35.9
2021-12-29,193,347,540,35.7
2021-12-30,191,349,540,35.4
2021-12-31,190,351,541,35.1
2022-01-01,190,352,542,35.1
2022-01-02,188,351,539,34.9
2022-01-03,172,352,524,32.8
2022-01-04,173,351,524,33.0
2022-01-05,177,351,528,33.5
2022-01-06,175,352,527,33.2
2022-01-07,172,352,524,32.8
2022-01-08,172,349,521,33.0
2022-01-09,170,353,523,32.5
2022-01-10,170,354,524,32.4
2022-01-11,163,354,517,31.5
2022-01-12,164,355,519,31.6
2022-01-13,158,357,515,30.7
2022-01-14,157,360,517,30.4
2022-01-15,159,360,519,30.6
2022-01-16,165,359,524,31.5
2022-01-17,161,364,525,30.7
2022-01-18,157,359,516,30.4
2022-01-19,149,362,511,29.2
2022-01-20,141,366,507,27.8
2022-01-21,144,367,511,28.2
2022-01-22,146,368,514,28.4
2022-01-23,153,368,521,29.4
2022-01-24,151,370,521,29.0
2022-01-25,152,370,522,29.1
2022-01-26,155,370,525,29.5
2022-01-27,160,370,530,30.2
2022-01-28,159,370,529,30.1
2022-01-29,157,371,528,29.7
2022-01-30,166,370,536,31.0
2022-01-31,153,370,523,29.3
2022-02-01,154,369,523,29.4
2022-02-02,157,370,527,29.8
2022-02-03,154,371,525,29.3
2022-02-04,155,373,528,29.4
2022-02-05,153,372,525,29.1
2022-02-06,152,372,524,29.0
2022-02-07,150,375,525,28.6
2022-02-08,151,377,528,28.6
2022-02-09,148,381,529,28.0
2022-02-10,153,381,534,28.7
2022-02-11,152,380,532,28.6
2022-02-12,145,381,526,27.6
2022-02-13,148,381,529,28.0
2022-02-14,144,385,529,27.2
2022-02-15,145,386,531,27.3
2022-02-16,148,386,534,27.7
2022-02-17,141,389,530,26.6
2022-02-18,140,387,527,26.6
2022-02-19,145,387,532,27.3
2022-02-20,144,387,531,27.1
2022-02-21,146,388,534,27.3
2022-02-22,147,388,535,27.5
2022-02-23,149,389,538,27.7
2022-02-24,143,389,532,26.9
2022-02-25,143,390,533,26.8
2022-02-26,144,390,534,27.0
2022-02-27,144,390,534,27.0
2022-02-28,146,390,536,27.2
2022-03-01,147,390,537,27.4
2022-03-02,160,391,551,29.0
2022-03-03,153,391,544,28.1
2022-03-04,154,385,539,28.6
2022-03-05,156,383,539,28.9
2022-03-06,157,381,538,29.2
2022-03-07,155,383,538,28.8
2022-03-08,190,363,553,34.4
2022-03-09,190,361,551,34.5
2022-03-10,191,362,553,34.5
2022-03-11,190,362,552,34.4
2022-03-12,180,361,541,33.3
2022-03-13,177,361,538,32.9
2022-03-14,171,365,536,31.9
2022-03-15,166,364,530,31.3
2022-03-16,162,364,526,30.8
2022-03-17,156,363,519,30.1
2022-03-18,160,364,524,30.5
2022-03-19,154,364,518,29.7
2022-03-20,155,363,518,29.9
2022-03-21,153,363,516,29.7
2022-03-22,157,362,519,30.3
2022-03-23,161,361,522,30.8
2022-03-24,162,357,519,31.2
2022-03-25,168,358,526,31.9
2022-03-26,177,356,533,33.2
2022-03-27,181,356,537,33.7
2022-03-28,183,357,540,33.9
2022-03-29,182,357,539,33.8
2022-03-30,181,357,538,33.6
2022-03-31,179,356,535,33.5
2022-04-01,182,356,538,33.8
2022-04-02,189,352,541,34.9
2022-04-03,192,353,545,35.2
2022-04-04,202,353,555,36.4
2022-04-05,193,360,553,34.9
2022-04-06,185,363,548,33.8
2022-04-07,182,363,545,33.4
2022-04-08,195,363,558,34.9
2022-04-09,198,363,561,35.3
2022-04-10,198,363,561,35.3
2022-04-11,196,364,560,35.0
2022-04-12,194,362,556,34.9
2022-04-13,194,363,557,34.8
2022-04-14,192,363,555,34.6
2022-04-15,203,362,565,35.9
2022-04-16,192,364,556,34.5
2022-04-17,194,363,557,34.8
2022-04-18,193,363,556,34.7
2022-04-19,192,365,557,34.5
2022-04-20,197,367,564,34.9
2022-04-21,193,367,560,34.5
2022-04-22,190,366,556,34.2
2022-04-23,188,364,552,34.1
2022-04-24,188,363,551,34.1
2022-04-25,186,365,551,33.8
2022-04-26,180,363,543,33.1
2022-04-27,182,362,544,33.5
2022-04-28,180,363,543,33.1
2022-04-29,177,361,538,32.9
2022-04-30,187,361,548,34.1
2022-05-01,187,360,547,34.2
2022-05-02,198,361,559,35.4
2022-05-03,189,361,550,34.4
2022-05-04,188,362,550,34.2
2022-05-05,182,363,545,33.4
2022-05-06,185,365,550,33.6
2022-05-07,186,366,552,33.7
2022-05-08,184,369,553,33.3
2022-05-09,185,369,554,33.4
2022-05-10,183,369,552,33.2
2022-05-11,191,368,559,34.2
2022-05-12,190,368,558,34.1
2022-05-13,192,369,561,34.2
2022-05-14,200,369,569,35.1
2022-05-15,190,370,560,33.9
2022-05-16,190,371,561,33.9
2022-05-17,193,371,564,34.2
2022-05-18,189,371,560,33.8
2022-05-19,200,370,570,35.1
2022-05-20,193,372,565,34.2
2022-05-21,197,371,568,34.7
2022-05-22,194,371,565,34.3
2022-05-23,193,371,564,34.2
2022-05-24,197,371,568,34.7
2022-05-25,188,371,559,33.6
2022-05-26,199,361,560,35.5
2022-05-27,181,359,540,33.5
2022-05-28,190,358,548,34.7
2022-05-29,188,357,545,34.5
2022-05-30,190,357,547,34.7
2022-05-31,194,355,549,35.3
2022-06-01,212,357,569,37.3
2022-06-02,217,361,578,37.5
2022-06-03,212,361,573,37.0
2022-06-04,211,361,572,36.9
2022-06-05,214,360,574,37.3
2022-06-06,214,360,574,37.3
2022-06-07,213,362,575,37.0
2022-06-08,215,362,577,37.3
2022-06-09,222,365,587,37.8
2022-06-10,222,366,588,37.8
2022-06-11,222,366,588,37.8
2022-06-12,221,366,587,37.6
2022-06-13,220,369,589,37.4
2022-06-14,198,371,569,34.8
2022-06-15,202,371,573,35.3
2022-06-16,201,371,572,35.1
2022-06-17,205,371,576,35.6
2022-06-18,209,370,579,36.1
2022-06-19,214,367,581,36.8
2022-06-20,216,367,583,37.0
2022-06-21,215,369,584,36.8
2022-06-22,208,370,578,36.0
2022-06-23,212,369,581,36.5
2022-06-24,214,370,584,36.6
2022-06-25,215,370,585,36.8
2022-06-26,212,373,585,36.2
2022-06-27,214,372,586,36.5
2022-06-28,220,372,592,37.2
2022-06-29,215,374,589,36.5
2022-06-30,212,373,585,36.2
2022-07-01,212,376,588,36.1
2022-07-02,212,376,588,36.1
2022-07-03,213,375,588,36.2
2022-07-04,216,376,592,36.5
2022-07-05,213,377,590,36.1
2022-07-06,216,375,591,36.5
2022-07-07,211,377,588,35.9
2022-07-08,216,377,593,36.4
2022-07-09,217,376,593,36.6
2022-07-10,213,377,590,36.1
2022-07-11,215,378,593,36.3
2022-07-12,214,379,593,36.1
2022-07-13,216,377,593,36.4
2022-07-14,217,378,595,36.5
2022-07-15,202,381,583,34.6
2022-07-16,203,379,582,34.9
2022-07-17,206,379,585,35.2
2022-07-18,207,379,586,35.3
2022-07-19,211,379,590,35.8
2022-07-20,211,376,587,35.9
2022-07-21,214,375,589,36.3
2022-07-22,218,376,594,36.7
2022-07-23,211,377,588,35.9
2022-07-24,217,376,593,36.6
2022-07-25,220,377,597,36.9
2022-07-26,217,377,594,36.5
2022-07-27,215,381,596,36.1
2022-07-28,208,381,589,35.3
2022-07-29,209,378,587,35.6
2022-07-30,211,378,589,35.8
2022-07-31,210,379,589,35.7
2022-08-01,204,379,583,35.0
2022-08-02,208,380,588,35.4
2022-08-03,213,382,595,35.8
2022-08-04,215,383,598,36.0
2022-08-05,218,384,602,36.2
2022-08-06,222,384,606,36.6
2022-08-07,224,383,607,36.9
2022-08-08,224,383,607,36.9
2022-08-09,224,385,609,36.8
2022-08-10,225,384,609,36.9
2022-08-11,230,384,614,37.5
2022-08-13,234,378,612,38.2
2022-08-14,234,378,612,38.2
2022-08-15,234,379,613,38.2
2022-08-16,237,381,618,38.3
2022-08-17,227,382,609,37.3
2022-08-18,223,382,605,36.9
2022-08-19,223,382,605,36.9
2022-08-20,223,382,605,36.9
2022-08-21,222,384,606,36.6
2022-08-22,220,385,605,36.4
2022-08-23,218,389,607,35.9
2022-08-24,211,399,610,34.6
2022-08-25,211,400,611,34.5
2022-08-26,212,402,614,34.5
2022-08-27,213,403,616,34.6
2022-08-28,213,403,616,34.6
2022-08-29,210,403,613,34.3
2022-08-30,202,404,606,33.3
2022-08-31,206,403,609,33.8
2022-09-01,202,407,609,33.2
2022-09-02,207,407,614,33.7
2022-09-03,210,407,617,34.0
2022-09-04,221,407,628,35.2
2022-09-05,219,409,628,34.9
2022-09-06,221,410,631,35.0
2022-09-07,230,409,639,36.0
2022-09-08,221,412,633,34.9
2022-09-09,222,412,634,35.0
2022-09-10,223,411,634,35.2
2022-09-11,217,413,630,34.4
2022-09-12,218,414,632,34.5
2022-09-13,218,413,631,34.5
2022-09-14,210,413,623,33.7
2022-09-15,212,414,626,33.9
2022-09-16,200,418,618,32.4
2022-09-17,193,423,616,31.3
2022-09-18,192,425,617,31.1
2022-09-19,192,426,618,31.1
2022-09-20,185,425,610,30.3
2022-09-21,195,424,619,31.5
2022-09-22,184,426,610,30.2
2022-09-23,182,424,606,30.0
2022-09-24,175,424,599,29.2
2022-09-25,172,425,597,28.8
2022-09-26,182,419,601,30.3
2022-09-27,185,420,605,30.6
2022-09-28,175,420,595,29.4
2022-09-29,183,421,604,30.3
2022-09-30,191,413,604,31.6
2022-10-01,187,412,599,31.2
2022-10-02,187,412,599,31.2
2022-10-03,188,412,600,31.3
2022-10-04,190,414,604,31.5
2022-10-05,178,413,591,30.1
2022-10-06,160,413,573,27.9
2022-10-07,156,412,568,27.5
2022-10-08,157,413,570,27.5
2022-10-09,161,412,573,28.1
2022-10-10,161,412,573,28.1
2022-10-11,145,414,559,25.9
2022-10-12,146,417,563,25.9
2022-10-13,141,416,557,25.3
2022-10-14,141,412,553,25.5
2022-10-15,141,412,553,25.5
2022-10-16,141,412,553,25.5
2022-10-17,141,412,553,25.5
2022-10-18,141,413,554,25.5
2022-10-19,145,415,560,25.9
2022-10-20,148,415,563,26.3
2022-10-21,149,415,564,26.4
2022-10-22,151,415,566,26.7
2022-10-23,162,415,577,28.1
2022-10-24,158,416,574,27.5
2022-10-25,167,416,583,28.6
2022-10-26,174,416,590,29.5
2022-10-27,186,414,600,31.0
2022-10-28,192,414,606,31.7
2022-10-29,187,418,605,30.9
2022-10-30,186,419,605,30.7
2022-10-31,190,421,611,31.1
2022-11-01,170,421,591,28.8
2022-11-02,168,421,589,28.5
2022-11-03,167,420,587,28.4
2022-11-04,170,420,590,28.8
2022-11-05,173,420,593,29.2
2022-11-06,170,425,595,28.6
2022-11-07,169,425,594,28.5
2022-11-08,163,426,589,27.7
2022-11-09,192,402,594,32.3
2022-11-10,206,398,604,34.1
2022-11-11,198,395,593,33.4
2022-11-12,206,395,601,34.3
2022-11-13,206,395,601,34.3
2022-11-14,208,397,605,34.4
2022-11-15,225,398,623,36.1
2022-11-16,224,400,624,35.9
2022-11-17,223,402,625,35.7
2022-11-18,224,405,629,35.6
2022-11-19,222,407,629,35.3
2022-11-20,220,407,627,35.1
2022-11-21,223,407,630,35.4
2022-11-22,221,409,630,35.1
2022-11-23,219,412,631,34.7
2022-11-24,221,412,633,34.9
2022-11-25,225,410,635,35.4
2022-11-26,227,410,637,35.6
2022-11-27,229,410,639,35.8
2022-11-28,227,410,637,35.6
2022-11-29,232,410,642,36.1
2022-11-30,234,410,644,36.3
2022-12-01,236,410,646,36.5
2022-12-02,243,408,651,37.3
2022-12-03,235,408,643,36.5
2022-12-04,234,410,644,36.3
2022-12-05,236,410,646,36.5
2022-12-06,235,410,645,36.4
2022-12-07,238,412,650,36.6
2022-12-08,238,413,651,36.6
2022-12-09,229,412,641,35.7
2022-12-10,230,412,642,35.8
2022-12-11,230,412,642,35.8
2022-12-12,234,410,644,36.3
2022-12-13,229,412,641,35.7
2022-12-14,231,412,643,35.9
2022-12-15,229,413,642,35.7
2022-12-16,268,408,676,39.6
2022-12-17,259,408,667,38.8
2022-12-18,272,408,680,40.0
2022-12-19,265,409,674,39.3
2022-12-20,263,404,667,39.4
2022-12-21,259,405,664,39.0
2022-12-22,258,404,662,39.0
2022-12-23,244,399,643,37.9
2022-12-24,244,399,643,37.9
2022-12-25,258,400,658,39.2
2022-12-26,268,399,667,40.2
2022-12-27,270,399,669,40.4
2022-12-28,261,399,660,39.5
2022-12-29,252,406,658,38.3
2022-12-30,254,409,663,38.3
2022-12-31,252,411,663,38.0
2023-01-01,251,412,663,37.9
2023-01-02,261,412,673,38.8
2023-01-03,263,412,675,39.0
2023-01-04,263,412,675,39.0
2023-01-05,255,413,668,38.2
2023-01-06,256,414,670,38.2
2023-01-07,256,413,669,38.3
2023-01-08,257,413,670,38.4
2023-01-09,251,414,665,37.7
2023-01-10,255,413,668,38.2
2023-01-11,252,414,666,37.8
2023-01-12,255,414,669,38.1
2023-01-13,254,414,668,38.0
2023-01-14,259,414,673,38.5
2023-01-15,265,414,679,39.0
2023-01-16,260,414,674,38.6
2023-01-17,268,413,681,39.4
2023-01-18,272,414,686,39.7
2023-01-19,273,416,689,39.6
2023-01-20,278,416,694,40.1
2023-01-21,277,416,693,40.0
2023-01-22,282,412,694,40.6
2023-01-23,281,412,693,40.5
2023-01-24,279,412,691,40.4
2023-01-25,280,413,693,40.4
2023-01-26,278,411,689,40.3
2023-01-27,281,411,692,40.6
2023-01-29,278,411,689,40.3
2023-01-30,278,411,689,40.3
2023-01-31,282,411,693,40.7
2023-02-01,278,412,690,40.3
2023-02-02,283,412,695,40.7
2023-02-03,285,412,697,40.9
2023-02-04,288,412,700,41.1
2023-02-05,288,410,698,41.3
2023-02-06,286,412,698,41.0
2023-02-07,266,432,698,38.1
2023-02-08,264,434,698,37.8
2023-02-09,256,440,696,36.8
2023-02-10,249,445,694,35.9
2023-02-11,251,446,697,36.0
2023-02-12,245,448,693,35.4
2023-02-13,245,450,695,35.3
2023-02-14,245,450,695,35.3
2023-02-15,245,451,696,35.2
2023-02-16,246,451,697,35.3
2023-02-17,243,451,694,35.0
2023-02-18,243,451,694,35.0
2023-02-19,241,454,695,34.7
2023-02-20,240,456,696,34.5
2023-02-21,242,456,698,34.7
2023-02-22,242,456,698,34.7
2023-02-23,242,460,702,34.5
2023-02-24,243,460,703,34.6
2023-02-25,246,460,706,34.8
2023-02-26,248,459,707,35.1
2023-02-27,250,459,709,35.3
2023-02-28,260,459,719,36.2
2023-03-01,257,461,718,35.8
2023-03-02,256,462,718,35.7
2023-03-03,255,464,719,35.5
2023-03-04,255,465,720,35.4
2023-03-05,259,464,723,35.8
2023-03-06,256,465,721,35.5
2023-03-07,254,465,719,35.3
2023-03-08,257,464,721,35.6
2023-03-09,250,465,715,35.0
2023-03-10,250,465,715,35.0
2023-03-11,252,464,716,35.2
2023-03-12,251,465,716,35.1
2023-03-13,254,465,719,35.3
2023-03-14,258,467,725,35.6
2023-03-15,256,468,724,35.4
2023-03-16,263,470,733,35.9
2023-03-17,253,471,724,34.9
2023-03-18,242,472,714,33.9
2023-03-19,245,473,718,34.1
2023-03-20,240,474,714,33.6
2023-03-21,248,473,721,34.4
2023-03-22,249,473,722,34.5
2023-03-23,248,477,725,34.2
2023-03-24,246,480,726,33.9
2023-03-25,260,479,739,35.2
2023-03-26,253,480,733,34.5
2023-03-27,247,480,727,34.0
2023-03-28,247,482,729,33.9
2023-03-29,248,485,733,33.8
2023-03-30,249,486,735,33.9
2023-03-31,248,486,734,33.8
2023-04-01,243,485,728,33.4
2023-04-02,247,485,732,33.7
2023-04-03,248,485,733,33.8
2023-04-04,239,488,727,32.9
2023-04-05,243,488,731,33.2
2023-04-06,234,492,726,32.2
2023-04-07,242,499,741,32.7
2023-04-08,236,499,735,32.1
2023-04-09,236,499,735,32.1
2023-04-10,238,499,737,32.3
2023-04-11,242,500,742,32.6
2023-04-12,240,503,743,32.3
2023-04-13,233,509,742,31.4
2023-04-14,231,509,740,31.2
2023-04-15,259,476,735,35.2
2023-04-16,259,477,736,35.2
2023-04-17,259,476,735,35.2
2023-04-18,261,477,738,35.4
2023-04-19,266,475,741,35.9
2023-04-20,265,479,744,35.6
2023-04-21,267,479,746,35.8
2023-04-22,265,480,745,35.6
2023-04-23,264,483,747,35.3
2023-04-24,254,483,737,34.5
2023-04-25,256,484,740,34.6
2023-04-26,256,485,741,34.5
2023-04-27,261,485,746,35.0
2023-04-28,266,485,751,35.4
2023-04-29,260,484,744,34.9
2023-04-30,252,484,736,34.2
2023-05-01,250,486,736,34.0
2023-05-02,250,487,737,33.9
2023-05-03,252,488,740,34.1
2023-05-04,252,488,740,34.1
2023-05-05,250,491,741,33.7
2023-05-06,253,492,745,34.0
2023-05-07,254,493,747,34.0
2023-05-08,250,494,744,33.6
2023-05-09,251,494,745,33.7
2023-05-10,250,494,744,33.6
2023-05-11,251,494,745,33.7
2023-05-12,256,494,750,34.1
2023-05-13,252,495,747,33.7
2023-05-14,249,497,746,33.4
2023-05-15,246,498,744,33.1
2023-05-16,246,498,744,33.1
2023-05-17,249,499,748,33.3
2023-05-18,254,500,754,33.7
2023-05-19,252,501,753,33.5
2023-05-20,260,501,761,34.2
2023-05-21,263,501,764,34.4
2023-05-22,259,505,764,33.9
2023-05-23,259,506,765,33.9
2023-05-24,260,506,766,33.9
2023-05-25,261,507,768,34.0
2023-05-26,262,508,770,34.0
2023-05-27,258,508,766,33.7
2023-05-28,261,508,769,33.9
2023-05-29,262,508,770,34.0
2023-05-30,262,510,772,33.9
2023-05-31,262,511,773,33.9
2023-06-01,269,511,780,34.5
2023-06-02,268,512,780,34.4
2023-06-03,253,510,763,33.2
2023-06-04,253,510,763,33.2
2023-06-05,252,510,762,33.1
2023-06-06,252,511,763,33.0
2023-06-07,254,512,766,33.2
2023-06-08,252,512,764,33.0
2023-06-09,253,512,765,33.1
2023-06-10,256,511,767,33.4
2023-06-11,254,512,766,33.2
2023-06-12,249,518,767,32.5
2023-06-13,250,518,768,32.6
2023-06-14,243,526,769,31.6
2023-06-15,242,528,770,31.4
2023-06-16,242,528,770,31.4
2023-06-17,246,528,774,31.8
2023-06-18,248,528,776,32.0
2023-06-19,244,531,775,31.5
2023-06-20,253,523,776,32.6
2023-06-21,251,525,776,32.3
2023-06-22,250,529,779,32.1
2023-06-23,250,526,776,32.2
2023-06-24,250,527,777,32.2
2023-06-25,252,527,779,32.3
2023-06-26,253,527,780,32.4
2023-06-27,256,527,783,32.7
2023-06-28,259,528,787,32.9
2023-06-29,265,529,794,33.4
2023-06-30,265,530,795,33.3
2023-07-01,263,531,794,33.1
2023-07-02,266,532,798,33.3
2023-07-03,259,532,791,32.7
2023-07-04,260,534,794,32.7
2023-07-05,259,534,793,32.7
2023-07-06,277,536,813,34.1
2023-07-07,277,538,815,34.0
2023-07-08,279,536,815,34.2
2023-07-09,287,536,823,34.9
2023-07-10,285,536,821,34.7
2023-07-11,300,536,836,35.9
2023-07-12,304,536,840,36.2
2023-07-13,307,540,847,36.2
2023-07-14,272,564,836,32.5
2023-07-15,270,564,834,32.4
2023-07-16,264,563,827,31.9
2023-07-17,262,565,827,31.7
2023-07-18,260,567,827,31.4
2023-07-19,259,569,828,31.3
2023-07-20,259,571,830,31.2
2023-07-21,261,571,832,31.4
2023-07-22,261,571,832,31.4
2023-07-23,264,571,835,31.6
2023-07-24,263,572,835,31.5
2023-07-25,265,572,837,31.7
2023-07-26,265,573,838,31.6
2023-07-27,255,574,829,30.8
2023-07-28,254,576,830,30.6
2023-07-29,254,578,832,30.5
2023-07-30,254,578,832,30.5
2023-07-31,253,579,832,30.4
2023-08-01,250,582,832,30.0
2023-08-02,249,582,831,30.0
2023-08-03,249,582,831,30.0
2023-08-04,248,584,832,29.8
2023-08-05,245,587,832,29.4
2023-08-06,257,587,844,30.5
2023-08-07,258,587,845,30.5
2023-08-08,261,586,847,30.8
2023-08-09,230,587,817,28.2
2023-08-10,230,588,818,28.1
2023-08-11,161,586,747,21.6
2023-08-12,153,584,737,20.8
2023-08-13,151,588,739,20.4
2023-08-14,134,588,722,18.6
2023-08-15,133,586,719,18.5
2023-08-16,134,584,718,18.7
2023-08-17,133,584,717,18.5
2023-08-18,135,583,718,18.8
2023-08-19,137,583,720,19.0
2023-08-20,137,583,720,19.0
2023-08-21,138,582,720,19.2
2023-08-22,144,580,724,19.9
2023-08-23,141,580,721,19.6
2023-08-24,141,581,722,19.5
2023-08-25,145,580,725,20.0
2023-08-26,144,580,724,19.9
2023-08-27,145,580,725,20.0
2023-08-28,144,580,724,19.9
2023-08-29,146,580,726,20.1
2023-08-30,148,578,726,20.4
2023-08-31,151,578,729,20.7
2023-09-01,153,580,733,20.9
2023-09-02,157,578,735,21.4
2023-09-03,156,576,732,21.3
2023-09-04,156,576,732,21.3
2023-09-05,196,575,771,25.4
2023-09-06,197,564,761,25.9
2023-09-07,202,562,764,26.4
2023-09-08,152,559,711,21.4
2023-09-09,152,558,710,21.4
2023-09-10,149,558,707,21.1
2023-09-11,150,558,708,21.2
2023-09-12,153,559,712,21.5
2023-09-13,155,560,715,21.7
2023-09-14,154,560,714,21.6
2023-09-15,150,559,709,21.2
2023-09-16,151,559,710,21.3
2023-09-17,150,560,710,21.1
2023-09-18,150,560,710,21.1
2023-09-19,151,560,711,21.2
2023-09-20,159,560,719,22.1
2023-09-21,150,559,709,21.2
2023-09-22,152,559,711,21.4
2023-09-23,165,547,712,23.2
2023-09-24,161,548,709,22.7
2023-09-25,164,547,711,23.1
2023-09-26,169,547,716,23.6
2023-09-27,165,547,712,23.2
2023-09-28,164,547,711,23.1
2023-09-29,168,544,712,23.6
2023-09-30,172,545,717,24.0
2023-10-01,175,545,720,24.3
2023-10-02,177,545,722,24.5
2023-10-03,176,546,722,24.4
2023-10-04,172,548,720,23.9
2023-10-05,172,548,720,23.9
2023-10-06,168,550,718,23.4
2023-10-07,176,549,725,24.3
2023-10-08,171,548,719,23.8
2023-10-09,169,546,715,23.6
2023-10-10,175,546,721,24.3
2023-10-11,182,545,727,25.0
2023-10-12,185,545,730,25.3
2023-10-13,186,545,731,25.4
2023-10-14,183,547,730,25.1
2023-10-15,180,549,729,24.7
2023-10-16,182,550,732,24.9
2023-10-17,183,550,733,25.0
2023-10-18,176,553,729,24.1
2023-10-19,180,554,734,24.5
2023-10-20,182,555,737,24.7
2023-10-21,183,555,738,24.8
2023-10-22,182,555,737,24.7
2023-10-23,182,555,737,24.7
2023-10-24,201,555,756,26.6
2023-10-25,215,555,770,27.9
2023-10-26,213,555,768,27.7
2023-10-27,213,554,767,27.8
2023-10-28,211,554,765,27.6
2023-10-29,211,554,765,27.6
2023-10-30,212,553,765,27.7
2023-10-31,214,554,768,27.9
2023-11-01,206,554,760,27.1
2023-11-02,221,552,773,28.6
2023-11-03,223,552,775,28.8
2023-11-04,222,550,772,28.8
2023-11-05,226,550,776,29.1
2023-11-06,226,550,776,29.1
2023-11-07,229,550,779,29.4
2023-11-08,231,550,781,29.6
2023-11-09,236,549,785,30.1
2023-11-10,238,549,787,30.2
2023-11-11,236,548,784,30.1
2023-11-12,242,539,781,31.0
2023-11-13,242,541,783,30.9
2023-11-14,244,544,788,31.0
2023-11-15,244,542,786,31.0
2023-11-16,247,541,788,31.3
2023-11-17,253,540,793,31.9
2023-11-18,255,539,794,32.1
2023-11-19,254,539,793,32.0
2023-11-20,253,540,793,31.9
2023-11-21,263,539,802,32.8
2023-11-22,265,539,804,33.0
2023-11-23,265,540,805,32.9
2023-11-24,263,539,802,32.8
2023-11-25,263,540,803,32.8
2023-11-26,234,540,774,30.2
2023-11-27,234,540,774,30.2
2023-11-28,232,542,774,30.0
2023-11-29,232,543,775,29.9
2023-11-30,245,545,790,31.0
2023-12-01,242,550,792,30.6
2023-12-02,233,552,785,29.7
2023-12-03,242,546,788,30.7
2023-12-04,246,537,783,31.4
2023-12-05,241,542,783,30.8
2023-12-06,240,546,786,30.5
2023-12-07,244,547,791,30.8
2023-12-08,245,546,791,31.0
2023-12-09,218,539,757,28.8
2023-12-10,216,540,756,28.6
2023-12-11,220,538,758,29.0
2023-12-12,216,538,754,28.6
2023-12-13,219,538,757,28.9
2023-12-14,218,538,756,28.8
2023-12-15,222,539,761,29.2
2023-12-16,222,538,760,29.2
2023-12-17,221,538,759,29.1
2023-12-18,225,538,763,29.5
2023-12-19,213,538,751,28.4
2023-12-20,225,539,764,29.5
2023-12-21,228,538,766,29.8
2023-12-22,226,535,761,29.7
2023-12-23,226,536,762,29.7
2023-12-24,225,535,760,29.6
2023-12-25,223,537,760,29.3
2023-12-26,222,537,759,29.2
2023-12-27,224,538,762,29.4
2023-12-28,226,528,754,30.0
2023-12-29,228,526,754,30.2
2023-12-30,223,526,749,29.8
2023-12-31,227,521,748,30.3
2024-01-01,229,521,750,30.5
2024-01-02,228,521,749,30.4
2024-01-03,229,521,750,30.5
2024-01-04,232,520,752,30.9
2024-01-05,226,509,735,30.7
2024-01-06,229,508,737,31.1
2024-01-07,228,510,738,30.9
2024-01-08,231,504,735,31.4
2024-01-09,229,501,730,31.4
2024-01-10,227,501,728,31.2
2024-01-11,226,501,727,31.1
2024-01-12,223,500,723,30.8
2024-01-13,219,501,720,30.4
2024-01-14,218,499,717,30.4
2024-01-15,220,498,718,30.6
2024-01-16,224,498,722,31.0
2024-01-17,226,499,725,31.2
2024-01-18,231,500,731,31.6
2024-01-19,230,500,730,31.5
2024-01-20,232,499,731,31.7
2024-01-21,230,501,731,31.5
2024-01-22,228,502,730,31.2
2024-01-23,229,498,727,31.5
2024-01-24,229,498,727,31.5
2024-01-25,234,498,732,32.0
2024-01-26,238,498,736,32.3
2024-01-27,240,498,738,32.5
2024-01-28,237,499,736,32.2
2024-01-29,240,499,739,32.5
2024-01-30,243,499,742,32.7
2024-01-31,242,501,743,32.6
2024-02-01,246,502,748,32.9
2024-02-02,246,505,751,32.8
2024-02-03,246,506,752,32.7
2024-02-04,251,506,757,33.2
2024-02-05,250,507,757,33.0
2024-02-06,252,507,759,33.2
2024-02-07,255,509,764,33.4
2024-02-08,255,509,764,33.4
2024-02-09,263,509,772,34.1
2024-02-10,260,517,777,33.5
2024-02-11,251,517,768,32.7
2024-02-12,251,518,769,32.6
2024-02-13,266,518,784,33.9
2024-02-14,264,519,783,33.7
2024-02-15,263,520,783,33.6
2024-02-16,269,521,790,34.1
2024-02-17,273,520,793,34.4
2024-02-18,273,520,793,34.4
2024-02-19,272,521,793,34.3
2024-02-20,273,521,794,34.4
2024-02-21,268,521,789,34.0
2024-02-22,270,521,791,34.1
2024-02-23,274,521,795,34.5
2024-02-24,266,522,788,33.8
2024-02-25,265,523,788,33.6
2024-02-26,266,523,789,33.7
2024-02-27,266,524,790,33.7
2024-02-28,263,525,788,33.4
2024-02-29,266,525,791,33.6
2024-03-01,267,527,794,33.6
2024-03-02,264,525,789,33.5
2024-03-03,260,529,789,33.0
2024-03-04,260,529,789,33.0
2024-03-05,259,531,790,32.8
2024-03-06,259,531,790,32.8
2024-03-07,258,533,791,32.6
2024-03-08,249,537,786,31.7
2024-03-09,249,538,787,31.6
2024-03-10,251,539,790,31.8
2024-03-11,250,539,789,31.7
2024-03-12,251,541,792,31.7
2024-03-13,253,541,794,31.9
2024-03-14,251,543,794,31.6
2024-03-15,207,543,750,27.6
2024-03-16,195,542,737,26.5
2024-03-17,196,542,738,26.6
2024-03-18,194,540,734,26.4
2024-03-19,190,541,731,26.0
2024-03-20,190,541,731,26.0
2024-03-21,206,543,749,27.5
2024-03-22,204,545,749,27.2
2024-03-23,200,545,745,26.8
2024-03-24,192,546,738,26.0
2024-03-25,186,547,733,25.4
2024-03-26,187,546,733,25.5
2024-03-27,188,546,734,25.6
2024-03-28,188,546,734,25.6
2024-03-29,192,546,738,26.0
2024-03-30,192,547,739,26.0
2024-03-31,195,546,741,26.3
2024-04-01,196,544,740,26.5
2024-04-02,199,542,741,26.9
2024-04-03,193,543,736,26.2
2024-04-04,187,549,736,25.4
2024-04-05,193,548,741,26.0
2024-04-06,198,546,744,26.6
2024-04-07,190,558,748,25.4
2024-04-08,202,557,759,26.6
2024-04-09,201,556,757,26.6
2024-04-10,204,558,762,26.8
2024-04-11,201,560,761,26.4
2024-04-12,201,560,761,26.4
2024-04-13,197,563,760,25.9
2024-04-14,196,565,761,25.8
2024-04-15,198,566,764,25.9
2024-04-16,200,566,766,26.1
2024-04-17,200,566,766,26.1
2024-04-18,200,566,766,26.1
2024-04-19,192,571,763,25.2
2024-04-20,194,569,763,25.4
2024-04-21,190,570,760,25.0
2024-04-22,182,573,755,24.1
2024-04-23,187,573,760,24.6
2024-04-24,192,569,761,25.2
2024-04-25,191,569,760,25.1
2024-04-26,191,567,758,25.2
2024-04-27,192,567,759,25.3
2024-04-28,192,567,759,25.3
2024-04-29,193,567,760,25.4
2024-04-30,196,568,764,25.7
2024-05-01,192,572,764,25.1
2024-05-02,194,572,766,25.3
2024-05-03,200,568,768,26.0
2024-05-04,202,568,770,26.2
2024-05-05,201,568,769,26.1
2024-05-06,203,568,771,26.3
2024-05-07,206,567,773,26.6
2024-05-08,206,567,773,26.6
2024-05-09,212,567,779,27.2
2024-05-10,215,566,781,27.5
2024-05-11,216,566,782,27.6
2024-05-12,215,566,781,27.5
2024-05-13,213,564,777,27.4
2024-05-14,217,563,780,27.8
2024-05-15,219,562,781,28.0
2024-05-16,220,562,782,28.1
2024-05-17,220,562,782,28.1
2024-05-18,219,562,781,28.0
2024-05-19,220,562,782,28.1
2024-05-20,220,562,782,28.1
2024-05-21,216,565,781,27.7
2024-05-22,217,564,781,27.8
2024-05-23,217,565,782,27.7
2024-05-24,207,568,775,26.7
2024-05-25,208,568,776,26.8
2024-05-26,209,568,777,26.9
2024-05-27,209,568,777,26.9
2024-05-28,208,567,775,26.8
2024-05-29,207,568,775,26.7
2024-05-30,205,569,774,26.5
2024-05-31,203,571,774,26.2
2024-06-01,202,572,774,26.1
2024-06-02,205,572,777,26.4
2024-06-03,204,572,776,26.3
2024-06-04,206,572,778,26.5
2024-06-05,207,572,779,26.6
2024-06-06,203,573,776,26.2
2024-06-07,202,573,775,26.1
2024-06-08,201,572,773,26.0
2024-06-09,201,572,773,26.0
2024-06-10,203,572,775,26.2
2024-06-11,203,572,775,26.2
2024-06-12,204,572,776,26.3
2024-06-13,205,573,778,26.3
2024-06-14,216,574,790,27.3
2024-06-15,218,570,788,27.7
2024-06-16,214,574,788,27.2
2024-06-17,214,575,789,27.1
2024-06-18,218,574,792,27.5
2024-06-19,219,574,793,27.6
2024-06-20,222,574,796,27.9
2024-06-21,224,575,799,28.0
2024-06-22,222,577,799,27.8
2024-06-23,216,577,793,27.2
2024-06-24,216,578,794,27.2
2024-06-25,217,579,796,27.3
2024-06-26,219,580,799,27.4
2024-06-27,221,580,801,27.6
2024-06-28,221,580,801,27.6
2024-06-29,221,582,803,27.5
2024-06-30,221,582,803,27.5
2024-07-01,215,588,803,26.8
2024-07-02,214,589,803,26.7
2024-07-03,216,587,803,26.9
2024-07-04,217,588,805,27.0
2024-07-05,216,589,805,26.8
2024-07-06,220,588,808,27.2
2024-07-07,220,588,808,27.2
2024-07-08,220,588,808,27.2
2024-07-09,217,589,806,26.9
2024-07-10,229,586,815,28.1
2024-07-11,234,587,821,28.5
2024-07-12,238,586,824,28.9
2024-07-13,237,587,824,28.8
2024-07-14,237,588,825,28.7
2024-07-15,236,588,824,28.6
2024-07-16,236,588,824,28.6
2024-07-17,237,589,826,28.7
2024-07-18,236,590,826,28.6
2024-07-19,235,590,825,28.5
2024-07-20,236,591,827,28.5
2024-07-21,232,593,825,28.1
2024-07-22,232,594,826,28.1
2024-07-23,230,596,826,27.8
2024-07-24,233,596,829,28.1
2024-07-25,231,595,826,28.0
2024-07-26,233,595,828,28.1
2024-07-27,233,595,828,28.1
2024-07-28,233,595,828,28.1
2024-07-29,234,595,829,28.2
2024-07-30,236,592,828,28.5
2024-07-31,236,592,828,28.5
2024-08-01,250,595,845,29.6
2024-08-02,260,597,857,30.3
2024-08-03,255,593,848,30.1
2024-08-04,255,593,848,30.1
2024-08-05,255,593,848,30.1
2024-08-06,253,593,846,29.9
2024-08-07,251,596,847,29.6
2024-08-08,252,599,851,29.6
2024-08-09,254,601,855,29.7
2024-08-10,252,601,853,29.5
2024-08-12,246,606,852,28.9
2024-08-13,248,608,856,29.0
2024-08-14,247,608,855,28.9
2024-08-15,248,607,855,29.0
2024-08-16,263,602,865,30.4
2024-08-17,265,602,867,30.6
2024-08-18,265,602,867,30.6
2024-08-19,266,602,868,30.6
2024-08-20,266,602,868,30.6
2024-08-21,266,602,868,30.6
2024-08-22,267,603,870,30.7
2024-08-23,263,606,869,30.3
2024-08-24,263,606,869,30.3
2024-08-25,263,607,870,30.2
2024-08-26,263,607,870,30.2
2024-08-27,263,607,870,30.2
2024-08-28,225,606,831,27.1
2024-08-29,226,604,830,27.2
2024-08-30,228,604,832,27.4
2024-08-31,228,605,833,27.4
2024-09-01,227,606,833,27.3
2024-09-02,230,605,835,27.5
2024-09-03,231,605,836,27.6
2024-09-04,231,605,836,27.6
2024-09-05,233,605,838,27.8
2024-09-06,233,607,840,27.7
2024-09-07,234,606,840,27.9
2024-09-08,235,605,840,28.0
2024-09-09,236,605,841,28.1
2024-09-10,240,603,843,28.5
2024-09-11,240,601,841,28.5
2024-09-12,240,601,841,28.5
2024-09-13,238,601,839,28.4
2024-09-14,239,601,840,28.5
2024-09-15,235,601,836,28.1
2024-09-16,237,599,836,28.3
2024-09-18,245,592,837,29.3
2024-09-19,245,592,837,29.3
2024-09-20,244,592,836,29.2
2024-09-21,245,593,838,29.2
2024-09-22,247,592,839,29.4
2024-09-23,245,592,837,29.3
2024-09-24,241,594,835,28.9
2024-09-25,240,595,835,28.7
2024-09-26,243,596,839,29.0
2024-09-27,244,596,840,29.0
2024-09-28,245,596,841,29.1
2024-09-29,245,596,841,29.1
2024-09-30,246,596,842,29.2
2024-10-01,248,596,844,29.4
2024-10-02,245,596,841,29.1
2024-10-03,244,598,842,29.0
2024-10-04,242,601,843,28.7
2024-10-05,238,604,842,28.3
2024-10-06,240,604,844,28.4
2024-10-07,243,602,845,28.8
2024-10-08,244,603,847,28.8
2024-10-09,242,603,845,28.6
2024-10-10,241,602,843,28.6
2024-10-11,240,603,843,28.5
2024-10-12,245,601,846,29.0
2024-10-13,244,602,846,28.8
2024-10-14,244,602,846,28.8
2024-10-15,241,605,846,28.5
2024-10-16,243,605,848,28.7
2024-10-17,238,608,846,28.1
2024-10-18,237,609,846,28.0
2024-10-19,235,610,845,27.8
2024-10-20,238,609,847,28.1
2024-10-21,239,609,848,28.2
2024-10-22,246,613,859,28.6
2024-10-23,247,613,860,28.7
2024-10-24,244,617,861,28.3
2024-10-25,247,616,863,28.6
2024-10-26,250,616,866,28.9
2024-10-27,259,616,875,29.6
2024-10-28,260,617,877,29.6
2024-10-29,257,617,874,29.4
2024-10-30,271,617,888,30.5
2024-10-31,270,620,890,30.3
2024-11-01,274,620,894,30.6
2024-11-02,273,621,894,30.5
2024-11-03,273,621,894,30.5
2024-11-04,272,621,893,30.5
2024-11-05,278,620,898,31.0
2024-11-06,280,619,899,31.1
2024-11-07,278,620,898,31.0
2024-11-08,273,620,893,30.6
2024-11-09,270,620,890,30.3
2024-11-10,272,620,892,30.5
2024-11-11,276,616,892,30.9
2024-11-12,273,615,888,30.7
2024-11-13,269,616,885,30.4
2024-11-14,267,614,881,30.3
2024-11-15,281,615,896,31.4
2024-11-16,281,614,895,31.4
2024-11-17,274,614,888,30.9
2024-11-18,276,616,892,30.9
2024-11-19,275,615,890,30.9
2024-11-20,277,615,892,31.1
2024-11-21,274,617,891,30.8
2024-11-22,271,617,888,30.5
2024-11-23,273,616,889,30.7
2024-11-24,271,617,888,30.5
2024-11-25,263,618,881,29.9
2024-11-26,259,618,877,29.5
2024-11-27,261,616,877,29.8
2024-11-28,264,615,879,30.0
2024-11-29,266,617,883,30.1
2024-11-30,267,617,884,30.2
2024-12-01,266,617,883,30.1
2024-12-02,266,619,885,30.1
2024-12-03,279,621,900,31.0
2024-12-04,280,621,901,31.1
2024-12-05,284,621,905,31.4
2024-12-06,286,621,907,31.5
2024-12-07,289,621,910,31.8
2024-12-08,291,620,911,31.9
2024-12-09,284,622,906,31.3
2024-12-10,295,625,920,32.1
2024-12-11,292,620,912,32.0
2024-12-12,292,620,912,32.0
2024-12-13,292,621,913,32.0
2024-12-14,293,621,914,32.1
2024-12-15,295,621,916,32.2
2024-12-16,295,622,917,32.2
2024-12-17,293,632,925,31.7
2024-12-18,294,632,926,31.7
2024-12-19,287,631,918,31.3
2024-12-20,287,631,918,31.3
2024-12-21,289,631,920,31.4
2024-12-22,286,597,883,32.4
2024-12-23,284,599,883,32.2
2024-12-24,282,599,881,32.0
2024-12-25,282,601,883,31.9
2024-12-26,282,602,884,31.9
2024-12-27,282,603,885,31.9
2024-12-28,283,603,886,31.9
2024-12-29,286,603,889,32.2
2024-12-30,285,598,883,32.3
2024-12-31,289,599,888,32.5
2025-01-01,294,589,883,33.3
2025-01-02,293,589,882,33.2
2025-01-03,290,594,884,32.8
2025-01-04,296,594,890,33.3
2025-01-05,296,596,892,33.2
2025-01-06,296,597,893,33.1
2025-01-07,299,595,894,33.4
2025-01-08,294,597,891,33.0
2025-01-09,293,597,890,32.9
2025-01-10,292,602,894,32.7
2025-01-11,294,603,897,32.8
2025-01-12,291,602,893,32.6
2025-01-13,283,601,884,32.0
2025-01-15,295,601,896,32.9
2025-01-16,299,599,898,33.3
2025-01-17,299,596,895,33.4
2025-01-18,296,598,894,33.1
2025-01-19,295,599,894,33.0
2025-01-20,295,599,894,33.0
2025-01-21,296,599,895,33.1
2025-01-22,298,599,897,33.2
2025-01-23,289,601,890,32.5
2025-01-24,288,600,888,32.4
2025-01-25,289,600,889,32.5
2025-01-26,288,602,890,32.4
2025-01-27,286,604,890,32.1
2025-01-28,284,605,889,31.9
2025-01-29,280,606,886,31.6
2025-01-30,275,605,880,31.3
2025-01-31,286,605,891,32.1
2025-02-01,299,602,901,33.2
2025-02-02,299,601,900,33.2
2025-02-03,276,589,865,31.9
2025-02-04,272,594,866,31.4
2025-02-05,285,594,879,32.4
2025-02-06,273,594,867,31.5
2025-02-07,278,594,872,31.9
2025-02-08,280,594,874,32.0
2025-02-09,281,595,876,32.1
2025-02-10,261,593,854,30.6
2025-02-11,261,592,853,30.6
2025-02-12,260,593,853,30.5
2025-02-13,261,592,853,30.6
2025-02-14,265,591,856,31.0
2025-02-15,272,591,863,31.5
2025-02-16,273,592,865,31.6
2025-02-17,273,592,865,31.6
2025-02-18,279,591,870,32.1
2025-02-19,281,591,872,32.2
2025-02-20,282,592,874,32.3
2025-02-21,282,593,875,32.2
2025-02-22,245,594,839,29.2
2025-02-23,211,595,806,26.2
2025-02-24,199,596,795,25.0
2025-02-25,199,599,798,24.9
2025-02-26,198,599,797,24.8
2025-02-27,197,601,798,24.7
2025-02-28,203,601,804,25.2
2025-03-01,205,601,806,25.4
2025-03-02,214,601,815,26.3
2025-03-03,220,601,821,26.8
2025-03-05,206,598,804,25.6
2025-03-06,209,598,807,25.9
2025-03-07,211,595,806,26.2
2025-03-08,217,594,811,26.8
2025-03-09,215,597,812,26.5
2025-03-10,211,601,812,26.0
2025-03-11,211,601,812,26.0
2025-03-12,212,601,813,26.1
2025-03-13,211,600,811,26.0
2025-03-14,220,599,819,26.9
2025-03-15,229,598,827,27.7
2025-03-16,232,598,830,28.0
2025-03-17,229,599,828,27.7
2025-03-18,232,599,831,27.9
2025-03-19,234,599,833,28.1
2025-03-20,235,598,833,28.2
2025-03-21,238,597,835,28.5
2025-03-22,239,597,836,28.6
2025-03-23,239,597,836,28.6
2025-03-24,239,597,836,28.6
2025-03-25,239,597,836,28.6
2025-03-26,239,597,836,28.6
2025-03-27,241,596,837,28.8
2025-03-28,238,595,833,28.6
2025-03-29,228,595,823,27.7
2025-03-30,222,603,825,26.9
2025-03-31,226,603,829,27.3
2025-04-01,215,613,828,26.0
2025-04-02,217,613,830,26.1
2025-04-03,219,612,831,26.4
2025-04-04,216,613,829,26.1
2025-04-05,215,612,827,26.0
2025-04-06,217,612,829,26.2
2025-04-07,217,613,830,26.1
2025-04-08,217,613,830,26.1
2025-04-09,215,614,829,25.9
2025-04-10,215,615,830,25.9
2025-04-11,214,617,831,25.8
2025-04-12,215,617,832,25.8
2025-04-13,216,618,834,25.9
2025-04-14,212,622,834,25.4
2025-04-15,212,623,835,25.4
2025-04-16,210,618,828,25.4
2025-04-17,206,623,829,24.8
2025-04-18,212,618,830,25.5
2025-04-19,211,618,829,25.5
2025-04-20,209,618,827,25.3
2025-04-21,208,617,825,25.2
2025-04-22,208,618,826,25.2
2025-04-23,204,619,823,24.8
2025-04-24,206,620,826,24.9
2025-04-25,212,620,832,25.5
2025-04-26,199,620,819,24.3
2025-04-27,192,620,812,23.6
2025-04-28,192,620,812,23.6
2025-04-29,192,620,812,23.6
2025-04-30,190,624,814,23.3
2025-05-01,188,625,813,23.1
2025-05-02,189,625,814,23.2
2025-05-03,191,625,816,23.4
2025-05-04,191,624,815,23.4
2025-05-05,190,626,816,23.3
2025-05-06,190,627,817,23.3
2025-05-07,189,627,816,23.2
2025-05-08,182,627,809,22.5
2025-05-09,182,630,812,22.4
2025-05-10,180,630,810,22.2
2025-05-11,178,633,811,21.9
2025-05-12,174,636,810,21.5
2025-05-13,178,636,814,21.9
2025-05-14,181,637,818,22.1
2025-05-15,178,636,814,21.9
2025-05-16,181,591,772,23.4
2025-05-17,183,591,774,23.6
2025-05-18,180,594,774,23.3
2025-05-19,176,594,770,22.9
2025-05-20,175,595,770,22.7
2025-05-21,178,595,773,23.0
2025-05-22,178,596,774,23.0
2025-05-23,178,596,774,23.0
2025-05-24,178,597,775,23.0
2025-05-25,181,597,778,23.3
2025-05-26,173,598,771,22.4
2025-05-27,174,599,773,22.5
2025-05-28,178,598,776,22.9
2025-05-29,185,594,779,23.7
2025-05-30,183,594,777,23.6
2025-05-31,187,594,781,23.9
2025-06-01,186,594,780,23.8
2025-06-02,186,593,779,23.9
2025-06-03,183,594,777,23.6
2025-06-04,183,593,776,23.6
2025-06-05,179,595,774,23.1
2025-06-06,182,592,774,23.5
2025-06-07,183,592,775,23.6
2025-06-08,185,592,777,23.8
2025-06-09,185,592,777,23.8
2025-06-10,184,593,777,23.7
2025-06-11,178,591,769,23.1
2025-06-12,176,595,771,22.8
2025-06-13,180,594,774,23.3
2025-06-14,178,594,772,23.1
2025-06-15,181,594,775,23.4
2025-06-16,178,596,774,23.0
2025-06-17,175,597,772,22.7
2025-06-18,180,596,776,23.2
2025-06-19,179,599,778,23.0
2025-06-20,180,599,779,23.1
2025-06-21,181,598,779,23.2
2025-06-22,184,598,782,23.5
2025-06-23,179,602,781,22.9
2025-06-24,179,603,782,22.9
2025-06-25,177,605,782,22.6
2025-06-26,169,606,775,21.8
2025-06-27,168,606,774,21.7
2025-06-28,167,607,774,21.6
2025-06-29,167,609,776,21.5
2025-06-30,164,612,776,21.1
2025-07-01,160,610,770,20.8
2025-07-02,163,611,774,21.1
2025-07-03,166,602,768,21.6
2025-07-04,161,602,763,21.1
2025-07-05,166,599,765,21.7
2025-07-06,169,598,767,22.0
2025-07-07,169,598,767,22.0
2025-07-08,150,598,748,20.1
2025-07-09,151,598,749,20.2
2025-07-10,156,599,755,20.7
2025-07-11,156,599,755,20.7
2025-07-12,162,599,761,21.3
2025-07-13,160,601,761,21.0
2025-07-14,156,603,759,20.6
2025-07-15,156,603,759,20.6
2025-07-16,154,584,738,20.9
2025-07-17,153,586,739,20.7
2025-07-18,164,586,750,21.9
2025-07-19,162,578,740,21.9
2025-07-20,158,578,736,21.5
